Abu-Mostafa_Y -0.019328 -0.504855 0.042629 
Ahmad_S -0.549205 1.187795 0.044465 
Allen_R 0.980765 -0.401596 0.086307 
Alspector_J 0.981401 -0.401757 0.100666 
Amari_S -1.046111 0.180684 0.022881 
Andreou_A 0.280683 -1.257625 0.021841 
Atiya_A -0.029562 -0.508035 0.071232 
Atkeson_C -0.036990 -0.070601 0.020810 
Atlas_L -0.127880 1.041776 0.102228 
Bair_W -0.843454 -0.486694 0.122495 
Baird_B 0.266779 0.799914 0.044952 
Baldi_P -0.212126 0.348900 0.049746 
Ballard_D 0.581969 0.664999 0.049897 
Barber_D 0.462094 1.157174 0.021465 
Barr_A 0.994407 0.296533 0.042348 
Bartlett_M -0.382430 0.645919 0.021510 
Bartlett_P 0.644321 0.063137 0.022610 
Barto_A -0.510723 0.911151 0.045127 
Baum_E 0.748384 2.039741 0.043068 
Baxter_J 1.561370 -0.118442 0.020294 
Becker_S 0.461622 0.970798 0.023752 
Bell_A -0.155058 0.626693 0.022150 
Bengio_S 1.048109 1.796338 0.046887 
Bengio_Y 1.063792 1.794855 0.073761 
Bialek_W -0.593543 -0.622649 0.047521 
Bishop_C -0.525077 0.735941 0.020995 
Boser_B 1.572406 1.042280 0.158287 
Bottou_L 0.802630 0.373965 0.020774 
Bourlard_H -0.344467 -1.235004 0.049802 
Bower_J -0.213703 -0.566753 0.155557 
Bregler_C 0.619340 -1.104740 0.022291 
Bridle_J -0.876549 0.405924 0.021706 
Briegel_T 0.464688 0.477446 0.022133 
Brody_C -0.722194 2.355387 0.021642 
Brown_T -0.422253 1.493677 0.068585 
Buhmann_J -0.658821 2.482228 0.022639 
Burges_C 0.776435 0.526917 0.022058 
Cauwenberghs_G 0.722343 0.009495 0.020365 
Chang_E 0.295791 -0.881293 0.050026 
Chauvin_Y 0.111398 0.403992 0.042221 
Chen_H 0.451238 -0.683878 0.101598 
Cichocki_A 0.210755 -0.010061 0.021922 
Claiborne_B -0.421728 1.493311 0.074982 
Coggins_R -0.231226 0.112571 0.023230 
Cohen_M -0.514652 -1.580340 0.021228 
Cohn_D -0.349805 1.106357 0.073895 
Cole_R -0.116313 1.040342 0.070437 
Coolen_A 2.637921 1.187847 0.023380 
Cottrell_G -0.620486 -1.344695 0.023871 
Cristianini_N 1.484992 1.914601 0.022878 
Darken_C 0.389533 -0.232309 0.049077 
Darrell_T 0.636460 1.098962 0.020016 
Das_S -0.764092 2.474610 0.022669 
Dayan_P -0.289050 1.129935 0.021366 
De-Mori_R 1.064987 1.794960 0.049183 
DeMers_D 0.362289 -0.025891 0.022779 
DeWeerth_S -0.491538 -0.411379 0.048717 
Denker_J 1.580369 1.014782 0.274724 
Dietterich_T 0.570186 0.493757 0.022719 
Douglas_R 0.038927 0.119850 0.022515 
Doya_K -0.235253 0.576014 0.023567 
Dreyfus_G 1.426365 0.656152 0.103181 
Duff_M -0.748282 2.644666 0.021245 
Edwards_R 0.695380 0.167510 0.021599 
Eeckman_F 0.266599 0.798827 0.050342 
Finke_M -0.247499 -1.064703 0.022557 
Finkel_L 2.414880 0.098321 0.021783 
Flake_G 2.380778 -0.643230 0.020818 
Flower_B 0.486034 -1.165542 0.021311 
Franco_H -0.431374 -1.475513 0.021402 
Frasconi_P 0.680486 1.008482 0.020274 
Freeman_W -1.487960 2.144327 0.023431 
Frey_B 0.423088 1.246503 0.023162 
Geisel_T 2.371832 0.224077 0.020503 
Gerstner_W 0.727109 1.082602 0.021281 
Ghahramani_Z 0.300234 0.988715 0.022183 
Giles_C 0.452219 -0.684198 0.088154 
Gluck_M 0.456630 0.196296 0.044866 
Gold_S -0.039864 1.898752 0.023366 
Golden_R 0.111952 0.403509 0.042731 
Goodhill_G 0.215460 1.004102 0.023112 
Goodman_R -0.584278 0.028428 0.097107 
Graf_H 1.607652 1.007138 0.207469 
Grossman_T 1.065214 -0.266268 0.050019 
Guyon_I 1.547506 0.948508 0.278999 
Hanson_S 0.521449 0.212649 0.066698 
Harris_J -0.844733 -0.488716 0.110222 
Hasler_P 0.099494 0.003409 0.020852 
Hasselmo_M -0.209372 -0.545272 0.043285 
Hastie_T 0.521470 0.405108 0.022878 
Haussler_D 0.748682 2.038994 0.048836 
Held_M 0.150216 1.559919 0.020270 
Henderson_D 1.579191 1.021722 0.203670 
Hertz_J 0.297927 0.554034 0.044078 
Hinton_G 0.991359 1.399314 0.152770 
Hirayama_M 0.010762 0.756085 0.020991 
Hofmann_T 0.041480 0.668402 0.023182 
Hopfield_J -0.497562 1.765676 0.045830 
Horiuchi_T -0.834850 -0.479557 0.175288 
Horne_B -0.807028 -1.538432 0.023788 
Houk_J 0.135335 0.626780 0.021399 
Howard_R 1.589448 1.019116 0.247578 
Hubbard_W 1.590830 1.018539 0.228320 
Isbell_C -1.224951 2.406915 0.023185 
Jaakkola_T -0.291523 0.718162 0.021214 
Jabri_M -0.757392 -1.371832 0.020137 
Jackel_L 1.579840 1.020948 0.231388 
Jacobs_R 0.112551 1.386318 0.048769 
Jain_A 0.244777 0.204541 0.045357 
Jayakumar_A 0.981355 -0.401899 0.101627 
Jebara_T -0.142576 1.423003 0.022198 
Ji_C 0.782515 0.885478 0.023110 
Jordan_M 0.112491 1.386340 0.043737 
Jung_T -0.445885 0.457587 0.023999 
Kammen_D -0.736030 -0.456185 0.097524 
Kawato_M -0.318811 0.812793 0.021968 
Kearns_M 0.595294 0.879144 0.022160 
Keeler_J 0.141775 -0.218931 0.049338 
Kirk_D 2.422648 0.309880 0.023076 
Koch_C -0.745066 -0.470655 0.267839 
Koller_D -0.574792 2.609601 0.023466 
Kowalczyk_A 1.071274 0.080029 0.021042 
Krogh_A 0.298607 0.554430 0.042525 
Kuo_J 0.166322 -1.249872 0.023023 
Lapedes_A 1.170314 0.060918 0.021030 
Lazzaro_J -0.611259 -0.411740 0.131524 
LeCun_Y 1.532896 1.043339 0.219432 
Lee_D -0.130670 0.119151 0.020150 
Lee_S 0.250641 2.233739 0.020743 
Lee_T -0.389911 0.758491 0.023367 
Lee_W 1.790722 -0.143378 0.045305 
Lee_Y 0.444393 -0.693128 0.115328 
Leen_T 2.543968 1.191625 0.021500 
Lewicki_M -0.062008 0.650101 0.023951 
Li_Z -0.518326 1.759816 0.070148 
Lippmann_R 0.300944 -0.874641 0.070786 
Liu_S -0.073251 0.184842 0.021299 
Luo_J -0.838056 -0.484759 0.151451 
Maass_W 0.196004 1.232749 0.020445 
MacKay_D -2.378591 0.775973 0.021664 
Mahowald_M -0.578187 -0.403345 0.068164 
Makeig_S -0.350625 0.541973 0.023521 
Makhoul_J 0.573915 -0.280467 0.021000 
Mansour_Y 0.416785 0.892656 0.020693 
Manwani_A 0.040531 0.230223 0.021079 
Marks_R -0.116402 1.040158 0.074804 
Martin_G 0.736509 0.429733 0.022523 
Mason_L 1.485006 -0.186085 0.022591 
McClelland_J 0.765848 1.311139 0.072585 
Mead_C -0.580291 -0.424608 0.167776 
Meila_M -0.093881 0.738714 0.024000 
Meir_R 0.987815 -0.393969 0.120590 
Mel_B -0.685527 -0.844452 0.072977 
Merzenich_M 2.573738 0.646233 0.020526 
Mika_S 0.647241 0.349687 0.023560 
Miller_J -0.579214 0.039628 0.069744 
Mjolsness_E -0.052414 1.996031 0.020111 
Moody_J 0.390057 -0.233553 0.043933 
Moore_A -0.732462 -0.337333 0.124325 
Morgan_N -0.343783 -1.235501 0.049100 
Movellan_J -0.191078 0.729608 0.023353 
Mozer_M 0.838408 1.516650 0.090442 
Muller_K 0.642625 0.419892 0.022356 
Murata_N -0.931220 0.236186 0.023150 
Nadal_J 1.426704 0.655583 0.098395 
Nakahara_H -1.237034 1.482933 0.023058 
Nakano_R 0.456236 1.058473 0.020831 
Nelson_M -0.174079 -0.573375 0.049688 
Neuneier_R -0.198325 1.360967 0.022447 
Ng_A -0.145870 1.292184 0.022027 
Niebur_E -0.736120 -0.455599 0.090075 
Nowlan_S 0.988673 1.416609 0.047282 
Oh_J 0.380192 -1.221080 0.020341 
Omohundro_S -0.673486 -0.879076 0.044893 
Opper_M 0.387231 1.007855 0.021453 
Orr_G 2.582630 0.892135 0.022697 
Parr_R -0.583035 2.399257 0.023485 
Parra_L 0.971371 0.118506 0.020657 
Patel_G -0.495337 -1.357923 0.022580 
Pawelzik_K 1.324172 -0.050431 0.021663 
Pearlmutter_B 0.759003 0.183892 0.023425 
Pearson_J 2.018172 -0.161735 0.049678 
Pentland_A -0.422875 2.497030 0.020756 
Personnaz_L 1.426150 0.656062 0.086774 
Pineda_F 0.685311 -0.096666 0.022389 
Platt_J 0.994853 0.296184 0.043154 
Plutowski_M 0.481410 -0.055466 0.020724 
Pouget_A -0.322632 0.884546 0.023834 
Pratt_L 0.493764 0.131848 0.042552 
Precup_D -0.031851 0.518372 0.023593 
Principe_J -0.111165 0.013410 0.022431 
Psaltis_D -0.209839 0.366281 0.046100 
Rangarajan_A -0.026888 2.223586 0.023093 
Rao_R -0.624803 0.725375 0.022621 
Ratsch_G 0.708529 0.280958 0.022285 
Revow_M 0.358645 1.100975 0.022278 
Robinson_A -0.947476 0.346071 0.022658 
Roweis_S 0.284613 1.248245 0.023869 
Ruderman_D -0.728692 -0.468967 0.123601 
Rumelhart_D 0.150239 -0.238324 0.070231 
Saad_D 0.573671 1.019415 0.022183 
Sackinger_E 0.835455 0.445239 0.022083 
Sajda_P 1.237996 -0.019683 0.020617 
Sanger_T -0.892668 2.509859 0.021038 
Saul_L -0.078204 1.475211 0.020007 
Schaal_S -0.056834 -1.326645 0.021242 
Schapire_R 0.504678 0.832021 0.021388 
Scholkopf_B 0.851487 0.107907 0.021682 
Schottky_B 1.266139 2.284782 0.023796 
Schraudolph_N -0.479417 0.643763 0.021544 
Schwartz_D 1.651860 1.010051 0.126624 
Schwartz_R 0.557508 -0.129136 0.022058 
Sejnowski_T -0.547701 1.131941 0.044258 
Servan-Schreiber_D 0.761820 1.309473 0.045033 
Seung_H -1.415532 -1.286496 0.022443 
Shadmehr_R 0.690030 0.825623 0.021554 
Shawe-Taylor_J 0.478851 0.555922 0.023841 
Sill_J 0.842003 0.214798 0.021134 
Simard_P 0.585294 0.663699 0.049441 
Singer_Y 0.542472 1.113466 0.022518 
Singh_S -0.235661 1.288177 0.023749 
Smola_A 0.796265 0.273434 0.022781 
Smolensky_P 0.709165 1.580735 0.044332 
Smyth_P -0.581136 0.036126 0.076023 
Solla_S 1.486514 0.977352 0.097132 
Sollich_P 1.928087 2.422457 0.023307 
Sompolinsky_H -0.843592 -1.622966 0.022682 
Sontag_E 0.583225 0.802108 0.020157 
Spence_C 2.022024 -0.162380 0.048393 
Stevens_C 0.211836 1.145622 0.022358 
Sun_G 0.451920 -0.684670 0.089649 
Sutton_R -0.506244 0.902980 0.049261 
Tebelskis_J 0.259193 0.247259 0.049075 
Tenenbaum_J -0.064482 1.363432 0.023900 
Tenorio_M 1.790896 -0.142676 0.043531 
Tesauro_G -0.538754 1.156353 0.096203 
Tishby_N 2.459684 -0.172758 0.020747 
Todorov_E 0.668155 0.511266 0.020728 
Tresp_V -0.673585 0.811409 0.020373 
Utans_J 0.824510 0.002083 0.021085 
Vapnik_V 0.921675 0.047219 0.021712 
Vatikiotis-Bateson_E 0.041098 0.571314 0.022010 
Venkatesh_S -0.209486 0.357113 0.066461 
Viola_P -0.466607 0.559864 0.021952 
Waibel_A 0.256460 0.235814 0.064524 
Warmuth_M 2.614134 1.025630 0.020929 
Waterhouse_S -1.047066 0.356867 0.023880 
Watts_L 0.029555 -1.820725 0.023759 
Wawrzynek_J -0.015057 0.038743 0.023546 
Weigend_A 0.157496 -0.259951 0.043010 
Weiss_Y 0.003640 1.552382 0.023852 
Wiles_J 0.634551 0.940769 0.020300 
Williams_C 0.541548 0.928418 0.022869 
Williamson_R 0.426578 0.407867 0.020112 
Wilson_M -0.229278 -0.575977 0.049094 
Winther_O 0.953749 2.798707 0.022550 
Wolpert_D -0.307163 0.621661 0.020574 
Wu_L 0.619914 -0.041446 0.021969 
Xu_L 0.351742 1.190453 0.020560 
Yang_H -0.555171 -1.222624 0.020922 
Yuille_A -0.068260 2.459948 0.020903 
Zador_A -0.421746 1.493851 0.069247 
Zemel_R 0.845588 1.513264 0.074019 
Zhao_Y -0.338684 -1.462530 0.023991 
Zimmermann_H 0.101543 0.737955 0.022402 
de-Bonet_J -1.259040 2.232069 0.021203 
de-Sa_V 2.684667 0.850889 0.022429 
vanHemmen_J -0.538750 1.753185 0.042244 
Abu-Mostafa_Y -0.179109 -0.293777 0.020923 
Ahmad_S -0.858178 1.095028 0.064240 
Allen_R 0.947577 -0.023502 0.021630 
Alspector_J 1.072835 -0.509720 0.074363 
Amari_S -0.916474 0.234437 0.044779 
Andreou_A 0.120089 -1.182169 0.071927 
Atiya_A 0.037935 -0.254437 0.020068 
Atkeson_C -0.054341 -0.616689 0.097702 
Atlas_L -0.135375 0.711468 0.023546 
Bair_W -0.789759 -0.295403 0.050074 
Baird_B 0.127004 0.781910 0.045925 
Baldi_P -0.216412 0.347962 0.087515 
Ballard_D 0.663406 0.568895 0.071509 
Barber_D 0.731346 1.061256 0.021677 
Barr_A 1.158890 0.042228 0.073623 
Bartlett_M -0.463877 0.628929 0.021399 
Bartlett_P 0.694329 0.148739 0.043089 
Barto_A -0.458555 1.421081 0.102140 
Baum_E 0.802354 1.981281 0.020761 
Baxter_J 1.265521 0.169599 0.021545 
Becker_S 0.305431 1.426163 0.043686 
Bell_A 0.085906 1.154379 0.045093 
Bengio_S 0.922622 1.289189 0.021784 
Bengio_Y 1.508514 1.011434 0.151271 
Bialek_W -0.589675 -0.330733 0.047762 
Bishop_C -0.587058 0.654300 0.021170 
Boser_B 1.509560 0.885563 0.168187 
Bottou_L 1.590668 0.878128 0.142334 
Bourlard_H -0.114702 -1.197268 0.100953 
Bower_J -0.327372 -0.467420 0.020796 
Bregler_C -0.137917 -0.521448 0.046249 
Bridle_J -1.450332 0.589595 0.047585 
Briegel_T 0.229738 0.427435 0.023832 
Brody_C -0.332456 1.995748 0.021850 
Brown_T -0.624245 1.786458 0.072659 
Buhmann_J 0.002731 0.914904 0.074863 
Burges_C 1.416623 0.910908 0.072838 
Cauwenberghs_G 0.713508 -0.055625 0.021625 
Chang_E 0.307565 -0.390339 0.044871 
Chauvin_Y -0.191011 0.364049 0.067283 
Chen_H 0.542419 -0.411792 0.120401 
Cichocki_A 0.006340 0.031922 0.022252 
Claiborne_B -0.621751 1.789482 0.068004 
Coggins_R -0.060839 -0.705179 0.098781 
Cohen_M -0.106102 -1.187669 0.154916 
Cohn_D -0.294071 1.424687 0.073884 
Cole_R -0.197186 0.812202 0.021473 
Coolen_A 1.564600 1.286074 0.021857 
Cottrell_G 0.119612 -0.353026 0.066234 
Cristianini_N 1.126462 1.305474 0.023839 
Darken_C 0.894077 -0.107992 0.044118 
Darrell_T 0.643981 1.412915 0.044554 
Das_S 0.427567 0.287198 0.100882 
Dayan_P 0.175271 1.250125 0.188101 
De-Mori_R 1.498186 1.354515 0.045356 
DeMers_D 0.108644 -0.372724 0.046080 
DeWeerth_S -0.290042 -0.226296 0.020639 
Denker_J 1.502296 0.901123 0.174834 
Dietterich_T 0.359883 0.149751 0.049020 
Douglas_R -0.704457 -0.185422 0.043045 
Doya_K 0.019069 1.092964 0.042636 
Dreyfus_G 1.281895 0.428785 0.046555 
Duff_M -0.660259 1.638542 0.042493 
Edwards_R 0.788112 0.251854 0.021495 
Eeckman_F 0.114734 0.801325 0.076772 
Finke_M 0.209238 -0.166485 0.047010 
Finkel_L 1.868289 0.040087 0.043983 
Flake_G 0.601824 -0.411511 0.092942 
Flower_B 0.223652 -0.803470 0.049234 
Franco_H -0.112153 -1.192368 0.121740 
Frasconi_P 1.426312 1.262553 0.043183 
Freeman_W -1.469247 1.769376 0.021120 
Frey_B 0.628853 1.042754 0.020996 
Geisel_T 1.732275 0.054211 0.049458 
Gerstner_W 0.402205 0.981406 0.042834 
Ghahramani_Z -0.255306 1.424311 0.098386 
Giles_C 0.507935 -0.416364 0.169132 
Gluck_M 0.177218 0.215687 0.020624 
Gold_S -0.040120 2.219530 0.072218 
Golden_R 0.124029 0.358328 0.020251 
Goodhill_G 0.138949 1.236440 0.049187 
Goodman_R -0.562844 0.100229 0.047734 
Graf_H 1.322513 0.931351 0.045257 
Grossman_T 1.190323 -0.252500 0.042512 
Guyon_I 1.542453 0.952352 0.193449 
Hanson_S 0.300074 0.308008 0.020906 
Harris_J -0.884678 -0.324518 0.097365 
Hasler_P -0.154068 -0.700121 0.072038 
Hasselmo_M -0.338974 -0.293970 0.020406 
Hastie_T 1.342709 0.869930 0.070916 
Haussler_D 0.983029 1.331983 0.098266 
Held_M 0.591108 1.186364 0.023948 
Henderson_D 1.527500 0.981290 0.095263 
Hertz_J -0.112576 0.417892 0.044826 
Hinton_G 0.250932 1.349959 0.224751 
Hirayama_M -0.294713 1.346340 0.100989 
Hofmann_T -0.013599 0.900190 0.044875 
Hopfield_J -0.584518 1.122318 0.022264 
Horiuchi_T -0.862029 -0.234637 0.047190 
Horne_B 0.215178 -0.742199 0.069608 
Houk_J -0.435775 1.410301 0.072157 
Howard_R 1.112092 0.953127 0.020480 
Hubbard_W 1.074438 1.050138 0.022810 
Isbell_C -1.284636 2.289765 0.022654 
Jaakkola_T -0.378395 1.393351 0.064219 
Jabri_M 0.211028 -0.762130 0.120767 
Jackel_L 1.537552 0.867783 0.135641 
Jacobs_R -0.233424 1.459824 0.048330 
Jain_A 0.314299 0.073570 0.096336 
Jayakumar_A 1.071132 -0.508635 0.072450 
Jebara_T -0.286881 1.000487 0.022116 
Ji_C 0.283460 0.606393 0.043047 
Jordan_M -0.231296 1.422949 0.339375 
Jung_T -0.598256 0.467584 0.021664 
Kammen_D -0.444645 -0.366781 0.022882 
Kawato_M -0.298181 1.345737 0.100027 
Kearns_M 0.974423 1.340083 0.102975 
Keeler_J -0.059784 -0.982282 0.042995 
Kirk_D 1.160033 0.079872 0.091876 
Koch_C -0.862253 -0.297291 0.157046 
Koller_D -0.569035 2.596585 0.022664 
Kowalczyk_A 1.087531 0.289669 0.021579 
Krogh_A -0.164144 0.384758 0.099677 
Kuo_J -0.045655 -0.352602 0.042782 
Lapedes_A 1.195793 -0.239586 0.044251 
Lazzaro_J -0.577438 -0.494303 0.064589 
LeCun_Y 1.492726 0.991014 0.187297 
Lee_D -0.135191 0.015824 0.022312 
Lee_S 0.634152 1.347170 0.022391 
Lee_T -0.373000 0.695260 0.023846 
Lee_W 1.854498 -0.200548 0.044532 
Lee_Y 0.545484 -0.409934 0.116829 
Leen_T 1.476250 0.204645 0.075105 
Lewicki_M -0.032639 0.604153 0.021233 
Li_Z -0.427783 1.052829 0.023996 
Lippmann_R 0.307649 -0.396844 0.050095 
Liu_S -0.880838 -0.319532 0.088722 
Luo_J -0.887390 -0.326176 0.100747 
Maass_W 0.266148 0.920831 0.021427 
MacKay_D -1.609346 0.628486 0.048401 
Mahowald_M -0.582357 -0.493033 0.076441 
Makeig_S -0.500163 0.481344 0.020113 
Makhoul_J 0.110530 -0.595507 0.065006 
Mansour_Y 0.527923 0.762119 0.022016 
Manwani_A 0.050822 0.228361 0.021901 
Marks_R -0.269067 0.861780 0.022823 
Martin_G 0.814912 0.432885 0.021398 
Mason_L 1.109760 0.089836 0.021243 
McClelland_J 0.841446 1.173913 0.021873 
Mead_C -0.157711 -0.702909 0.072062 
Meila_M 0.083070 0.558192 0.021817 
Meir_R 1.069560 -0.506542 0.075718 
Mel_B -0.516314 -0.795005 0.023550 
Merzenich_M 2.405642 0.474161 0.020534 
Mika_S 0.752774 0.376192 0.022056 
Miller_J -0.564148 0.100827 0.048083 
Mjolsness_E -0.044302 2.218255 0.066260 
Moody_J 1.047903 -0.039473 0.095204 
Moore_A -0.194303 -0.577838 0.043674 
Morgan_N -0.112437 -1.194583 0.113762 
Movellan_J -0.240090 0.697838 0.022311 
Mozer_M 0.406882 1.110974 0.128234 
Muller_K 0.671611 0.454391 0.020008 
Murata_N -0.919651 0.238411 0.049769 
Nadal_J 1.128881 0.428394 0.020983 
Nakahara_H -1.289311 1.103537 0.020480 
Nakano_R 0.554775 0.959062 0.022799 
Nelson_M -0.305458 -0.416985 0.023567 
Neuneier_R -0.860406 1.093567 0.068003 
Ng_A -0.220605 0.960267 0.021422 
Niebur_E -0.472499 -0.247319 0.020520 
Nowlan_S 0.239465 1.187481 0.150587 
Oh_J 0.374244 -0.880458 0.023622 
Omohundro_S -0.140664 -0.521181 0.043272 
Opper_M 0.970022 1.338966 0.093828 
Orr_G 1.662540 0.295450 0.042535 
Parr_R -0.456547 2.370657 0.020341 
Parra_L 1.061089 0.185067 0.023422 
Patel_G -0.424861 -0.781369 0.020658 
Pawelzik_K 1.720407 0.048264 0.048223 
Pearlmutter_B 1.153274 0.744649 0.044017 
Pearson_J 1.860667 -0.199937 0.070232 
Pentland_A 0.639258 1.414175 0.045295 
Personnaz_L 1.275474 0.429113 0.043463 
Pineda_F 0.279127 -1.067906 0.044178 
Platt_J 0.755976 0.610326 0.075252 
Plutowski_M 0.135034 -0.374664 0.050091 
Pouget_A 0.215533 1.161596 0.089877 
Pratt_L 0.121125 0.099575 0.020089 
Precup_D 0.070497 0.440863 0.021766 
Principe_J -0.049680 -0.339960 0.042635 
Psaltis_D 0.279834 0.607328 0.047705 
Rangarajan_A -0.042289 2.216403 0.071197 
Rao_R 0.412367 0.595198 0.046648 
Ratsch_G 0.906155 0.299959 0.023718 
Revow_M 0.210926 1.316217 0.091294 
Robinson_A -0.966723 0.418525 0.043285 
Roweis_S 0.549877 1.060503 0.023963 
Ruderman_D -0.588976 -0.326884 0.044728 
Rumelhart_D -0.100715 -1.156377 0.126333 
Saad_D 1.319486 1.589560 0.046276 
Sackinger_E 1.523257 0.913384 0.160876 
Sajda_P 1.935064 0.057902 0.043754 
Sanger_T -0.992662 1.664519 0.049477 
Saul_L -0.304185 1.484705 0.047260 
Schaal_S -0.054530 -0.624727 0.050255 
Schapire_R 0.990217 1.327556 0.119422 
Scholkopf_B 0.967870 0.246859 0.020316 
Schottky_B 1.136911 2.199223 0.021563 
Schraudolph_N 0.103473 1.213371 0.067068 
Schwartz_D 1.141899 1.019561 0.021894 
Schwartz_R 0.110229 -0.594008 0.070777 
Sejnowski_T 0.117806 1.149264 0.197558 
Servan-Schreiber_D 0.836246 1.095280 0.023519 
Seung_H 0.129694 -0.202046 0.047131 
Shadmehr_R 0.693820 0.826820 0.043753 
Shawe-Taylor_J 0.707000 0.458996 0.021931 
Sill_J 0.839296 0.321148 0.022903 
Simard_P 1.321218 0.923290 0.195727 
Singer_Y 0.565510 0.179160 0.049389 
Singh_S -0.403701 1.402359 0.123059 
Smola_A 0.917803 0.197370 0.020619 
Smolensky_P 0.541674 1.332206 0.048218 
Smyth_P -0.321851 0.279619 0.042731 
Solla_S 1.575263 0.878038 0.160845 
Sollich_P 1.322698 1.576006 0.046046 
Sompolinsky_H -0.794850 -1.469104 0.021566 
Sontag_E 0.698590 0.644079 0.022714 
Spence_C 1.884298 -0.192931 0.049234 
Stevens_C 0.393618 0.778393 0.048112 
Sun_G 0.548816 -0.391350 0.142378 
Sutton_R -0.951891 1.495361 0.045688 
Tebelskis_J 0.302663 0.050209 0.066567 
Tenenbaum_J 0.579642 0.898344 0.045360 
Tenorio_M 1.416685 0.177570 0.021776 
Tesauro_G -0.579696 0.949774 0.021850 
Tishby_N 0.567344 -0.024214 0.073172 
Todorov_E 0.673538 0.813163 0.064600 
Tresp_V -0.861323 1.091282 0.074691 
Utans_J 1.041446 -0.042419 0.047990 
Vapnik_V 1.570795 0.874614 0.161083 
Vatikiotis-Bateson_E -0.297705 1.344817 0.094610 
Venkatesh_S -0.124470 0.148650 0.023245 
Viola_P -0.055875 1.087191 0.049456 
Waibel_A 0.291075 0.023150 0.092830 
Warmuth_M 1.596541 1.267015 0.020303 
Waterhouse_S -0.961617 0.417321 0.042293 
Watts_L 1.152488 0.037080 0.073709 
Wawrzynek_J -0.579935 -0.492214 0.072665 
Weigend_A -0.054070 -0.125180 0.022187 
Weiss_Y 0.398586 1.078953 0.022640 
Wiles_J 0.393960 0.778537 0.045125 
Williams_C 0.229838 1.296570 0.115166 
Williamson_R 0.666261 0.196553 0.043643 
Wilson_M -0.256946 -0.362917 0.020971 
Winther_O 0.982637 2.552511 0.022979 
Wolpert_D -0.234826 1.422866 0.067583 
Wu_L 0.797589 0.117431 0.021951 
Xu_L -0.023553 1.494337 0.091199 
Yang_H -0.381990 -0.644889 0.021943 
Yuille_A 0.011856 1.815902 0.045566 
Zador_A -0.621788 1.783161 0.068283 
Zemel_R 0.220066 1.284494 0.125506 
Zhao_Y 0.086346 -0.615034 0.094231 
Zimmermann_H 0.074474 0.600090 0.023994 
de-Bonet_J -0.940608 1.479997 0.023879 
de-Sa_V 1.015016 0.601397 0.047277 
vanHemmen_J 0.222741 1.047937 0.046578 
Abu-Mostafa_Y 0.189141 0.085486 0.047318 
Ahmad_S -0.805462 0.711662 0.020133 
Allen_R 0.797124 0.018192 0.021181 
Alspector_J 0.816204 -0.289830 0.021525 
Amari_S -0.423630 0.041175 0.153562 
Andreou_A 0.079205 -0.877991 0.023856 
Atiya_A 0.251561 0.050037 0.023587 
Atkeson_C 0.083375 -0.452986 0.049794 
Atlas_L 0.028212 0.481256 0.021479 
Bair_W -0.684497 -0.352502 0.044622 
Baird_B 0.234257 0.527082 0.020554 
Baldi_P -0.051684 0.371904 0.021294 
Ballard_D -0.122803 0.548651 0.050032 
Barber_D 0.727965 1.517392 0.128035 
Barr_A 0.888394 0.092439 0.022283 
Bartlett_M -0.437358 1.054502 0.089206 
Bartlett_P 1.440612 0.115850 0.204481 
Barto_A -0.514274 1.534650 0.088008 
Baum_E 0.718848 1.366536 0.023775 
Baxter_J 1.402458 0.033749 0.067686 
Becker_S 0.568407 1.223833 0.021041 
Bell_A -0.455660 0.940047 0.119175 
Bengio_S 1.072663 1.028986 0.072046 
Bengio_Y 1.073980 1.028876 0.064699 
Bialek_W -0.183720 0.012555 0.020917 
Bishop_C 0.419523 1.512542 0.115036 
Boser_B 1.100724 0.730594 0.023680 
Bottou_L 1.662226 0.728043 0.065330 
Bourlard_H -0.190322 -0.946786 0.046293 
Bower_J -0.176612 -0.537237 0.022502 
Bregler_C 0.003459 -0.308952 0.021411 
Bridle_J -0.898242 0.567201 0.020660 
Briegel_T -0.334076 0.483270 0.042135 
Brody_C -0.096567 0.992758 0.069476 
Brown_T -0.433823 1.692116 0.046434 
Buhmann_J 0.179574 1.182446 0.075821 
Burges_C 1.550047 0.375647 0.102739 
Cauwenberghs_G 0.716261 -0.462059 0.064446 
Chang_E 0.433997 -0.324724 0.021715 
Chauvin_Y -0.061168 0.301291 0.022610 
Chen_H 0.469671 -0.448363 0.022512 
Cichocki_A -0.403767 0.009031 0.075579 
Claiborne_B -0.826833 1.789670 0.020500 
Coggins_R 0.190640 -0.731056 0.046416 
Cohen_M 0.057152 -0.996583 0.020279 
Cohn_D -0.366511 1.565783 0.047810 
Cole_R -0.054120 0.500935 0.022398 
Coolen_A 1.148732 1.399705 0.073459 
Cottrell_G 0.474865 -0.662808 0.070982 
Cristianini_N 1.452176 0.509020 0.066002 
Darken_C 0.585042 0.152146 0.047751 
Darrell_T 0.524840 1.372220 0.050381 
Das_S 0.444555 0.423876 0.021237 
Dayan_P -0.238022 1.103312 0.178215 
De-Mori_R 0.978819 1.216653 0.020365 
DeMers_D 0.015617 -0.066432 0.022095 
DeWeerth_S -0.719314 -0.397539 0.092350 
Denker_J 1.083111 0.809464 0.022233 
Dietterich_T 0.587378 0.278526 0.020072 
Douglas_R -0.193655 0.118335 0.023435 
Doya_K -0.532867 0.379406 0.045886 
Dreyfus_G 0.927144 0.525376 0.020839 
Duff_M -0.524504 1.544639 0.045400 
Edwards_R 0.715843 -0.460841 0.072823 
Eeckman_F 0.184122 0.557717 0.020175 
Finke_M -0.422042 0.051984 0.112153 
Finkel_L 1.121405 0.195960 0.023054 
Flake_G 1.067222 -0.069790 0.043061 
Flower_B 0.229983 -0.591771 0.021063 
Franco_H 0.006382 -0.947897 0.021244 
Frasconi_P 0.881579 1.161175 0.023922 
Freeman_W -0.367706 1.017093 0.093851 
Frey_B -0.200870 1.024588 0.087146 
Geisel_T 1.298472 0.185092 0.043241 
Gerstner_W 0.535548 0.861943 0.049315 
Ghahramani_Z 0.039782 1.286445 0.151983 
Giles_C 0.476326 -0.663159 0.072228 
Gluck_M 0.149399 0.254098 0.022475 
Gold_S 0.156818 2.178855 0.098649 
Golden_R 0.231652 0.384654 0.023712 
Goodhill_G 0.420698 0.996695 0.023361 
Goodman_R -0.180539 0.245529 0.022835 
Graf_H 0.889369 0.822724 0.022865 
Grossman_T 0.977758 -0.196504 0.021658 
Guyon_I 1.324838 0.895514 0.023547 
Hanson_S 0.505925 0.201991 0.045267 
Harris_J -0.260844 -0.329863 0.044458 
Hasler_P -0.631373 -0.402772 0.048178 
Hasselmo_M 0.029618 0.105472 0.020021 
Hastie_T 0.932069 0.697226 0.022801 
Haussler_D 0.393168 1.436529 0.048915 
Held_M 0.398128 0.976243 0.045865 
Henderson_D 1.252560 0.878226 0.022202 
Hertz_J 0.027506 0.310149 0.022739 
Hinton_G 0.010196 1.258646 0.150053 
Hirayama_M 0.061729 0.774562 0.022201 
Hofmann_T 0.232851 1.231765 0.064583 
Hopfield_J -0.194398 0.720853 0.098398 
Horiuchi_T -0.696733 -0.420841 0.071192 
Horne_B 0.474524 -0.663874 0.071255 
Houk_J -0.673865 1.647824 0.042397 
Howard_R 0.927212 0.775634 0.020258 
Hubbard_W 0.816954 0.911812 0.020998 
Isbell_C -0.685957 1.254736 0.067866 
Jaakkola_T 0.218995 1.455142 0.168092 
Jabri_M 0.207061 -0.736648 0.044217 
Jackel_L 1.177085 0.741828 0.023009 
Jacobs_R 0.404706 1.177287 0.022653 
Jain_A 0.305041 0.073863 0.021751 
Jayakumar_A 0.747452 -0.273565 0.021416 
Jebara_T 0.226601 1.454868 0.093182 
Ji_C 0.321548 0.454808 0.021409 
Jordan_M 0.163779 1.450625 0.206755 
Jung_T -0.460353 0.936023 0.121750 
Kammen_D -0.138494 -0.108266 0.022046 
Kawato_M -0.080813 0.741435 0.047070 
Kearns_M -0.094668 1.602673 0.111597 
Keeler_J 0.365212 -0.367267 0.049219 
Kirk_D 0.874627 0.223620 0.021348 
Koch_C -0.700235 -0.385102 0.184315 
Koller_D -0.198585 1.904588 0.067609 
Kowalczyk_A 1.475241 0.081585 0.070263 
Krogh_A 0.626826 1.115881 0.042749 
Kuo_J 0.072077 -0.156866 0.022199 
Lapedes_A 0.999575 -0.316607 0.022043 
Lazzaro_J -0.290697 -0.761224 0.075160 
LeCun_Y 1.661642 0.729329 0.071989 
Lee_D -0.581083 -0.038073 0.110903 
Lee_S 0.276581 1.166014 0.043554 
Lee_T -0.496324 0.963003 0.137929 
Lee_W 1.388183 0.041064 0.066128 
Lee_Y 0.539080 -0.352107 0.022376 
Leen_T 1.160911 1.337074 0.097931 
Lewicki_M -0.529265 1.001522 0.072396 
Li_Z -0.249539 1.158674 0.048357 
Lippmann_R -0.285934 -0.760924 0.065801 
Liu_S -0.282219 0.209757 0.022404 
Luo_J -0.269404 -0.107341 0.022728 
Maass_W 0.403534 0.757707 0.074602 
MacKay_D -0.673927 0.481394 0.119474 
Mahowald_M 0.274054 -0.153945 0.047033 
Makeig_S -0.459223 0.937366 0.113969 
Makhoul_J 0.281200 -0.541204 0.022169 
Mansour_Y -0.147505 1.591136 0.115510 
Manwani_A -0.648832 -0.325494 0.049695 
Marks_R 0.052859 0.565366 0.023275 
Martin_G 0.458695 -0.205382 0.045700 
Mason_L 1.387336 0.034933 0.100699 
McClelland_J -0.037998 0.949391 0.047054 
Mead_C -0.132502 -0.479307 0.020543 
Meila_M 0.235540 1.439301 0.094510 
Meir_R 1.292545 -0.172187 0.046056 
Mel_B -0.340961 -0.157425 0.049230 
Merzenich_M 1.228043 0.499412 0.043143 
Mika_S 1.455939 0.255658 0.119843 
Miller_J -0.338350 0.309801 0.022469 
Mjolsness_E 0.157154 2.179843 0.100037 
Moody_J 0.091257 -0.029532 0.064891 
Moore_A -0.055130 -0.610063 0.021908 
Morgan_N -0.290977 -0.919429 0.064212 
Movellan_J -0.347587 0.967283 0.094365 
Mozer_M 0.068431 1.134474 0.074796 
Muller_K 1.495277 0.227195 0.208565 
Murata_N -0.428894 0.058192 0.118472 
Nadal_J 0.839851 0.485766 0.022197 
Nakahara_H -0.563722 0.222025 0.100664 
Nakano_R 0.030894 1.255925 0.074329 
Nelson_M -0.078031 -0.204980 0.020343 
Neuneier_R -0.439484 0.609323 0.069056 
Ng_A -0.100586 1.629694 0.155897 
Niebur_E -0.606261 -0.430037 0.043267 
Nowlan_S -0.302600 1.068548 0.102326 
Oh_J -0.178748 -0.128685 0.044157 
Omohundro_S -0.040745 -0.511438 0.021941 
Opper_M 0.962834 1.585494 0.087065 
Orr_G 1.301795 1.178691 0.048142 
Parr_R -0.198348 1.903941 0.071169 
Parra_L 1.563986 0.175414 0.128852 
Patel_G -0.793412 -0.244894 0.047332 
Pawelzik_K 1.430810 0.170687 0.067478 
Pearlmutter_B 1.269001 0.088016 0.070881 
Pearson_J 1.203681 -0.277710 0.021290 
Pentland_A 0.463517 1.408554 0.072429 
Personnaz_L 0.984301 0.580154 0.022105 
Pineda_F 0.713993 -0.466485 0.066902 
Platt_J 1.434294 0.348833 0.154515 
Plutowski_M 0.355254 -0.007420 0.022383 
Pouget_A -0.270010 1.072575 0.125088 
Pratt_L 0.109839 0.068329 0.020117 
Precup_D -0.286372 1.538155 0.071644 
Principe_J -0.170518 -0.330454 0.043352 
Psaltis_D 0.164572 0.447703 0.022273 
Rangarajan_A 0.156532 2.179351 0.090550 
Rao_R -0.241711 0.572205 0.097430 
Ratsch_G 1.456028 0.255923 0.119950 
Revow_M 0.078127 1.287529 0.047129 
Robinson_A -0.806739 0.412628 0.068983 
Roweis_S -0.074307 1.014772 0.101972 
Ruderman_D -0.318590 0.111032 0.067075 
Rumelhart_D -0.034163 -0.802383 0.023413 
Saad_D 1.166184 1.386267 0.121379 
Sackinger_E 1.155338 0.832592 0.023057 
Sajda_P 1.564857 0.191138 0.095937 
Sanger_T -1.126644 1.523238 0.020036 
Saul_L 0.129074 1.446801 0.116497 
Schaal_S 0.084242 -0.448552 0.044746 
Schapire_R 1.080254 1.092089 0.043914 
Scholkopf_B 1.469036 0.282257 0.299140 
Schottky_B 0.980215 1.575205 0.149505 
Schraudolph_N -0.374957 1.052076 0.076105 
Schwartz_D 0.921208 0.870816 0.023369 
Schwartz_R 0.280496 -0.396724 0.021157 
Sejnowski_T -0.413186 0.977093 0.364698 
Servan-Schreiber_D 0.739566 1.000061 0.021097 
Seung_H -0.273626 0.138735 0.092007 
Shadmehr_R 0.713193 0.752653 0.020396 
Shawe-Taylor_J 1.432866 0.347936 0.131060 
Sill_J 0.504103 0.396971 0.045245 
Simard_P 1.557710 0.424213 0.145967 
Singer_Y 1.127146 1.054893 0.126807 
Singh_S -0.242908 1.562459 0.177130 
Smola_A 1.470111 0.282090 0.311638 
Smolensky_P 0.666590 1.147818 0.023314 
Smyth_P -0.090524 0.601876 0.049584 
Solla_S 1.191243 1.399764 0.048997 
Sollich_P 0.850180 1.355039 0.098159 
Sompolinsky_H -0.571136 -0.290143 0.049868 
Sontag_E 0.286501 0.761992 0.049276 
Spence_C 1.568095 0.190806 0.099878 
Stevens_C 0.238008 0.842852 0.043976 
Sun_G 0.602034 -0.314368 0.021942 
Sutton_R -0.295695 1.552718 0.110631 
Tebelskis_J 0.073938 -0.119517 0.023191 
Tenenbaum_J -0.067723 0.895462 0.048981 
Tenorio_M 0.982643 0.227739 0.021896 
Tesauro_G -0.238492 0.471431 0.021534 
Tishby_N 0.189462 -0.173876 0.021011 
Todorov_E 0.667223 0.667314 0.020640 
Tresp_V -0.439431 0.609063 0.103191 
Utans_J 0.825567 -0.079299 0.022960 
Vapnik_V 1.547363 0.405966 0.114385 
Vatikiotis-Bateson_E 0.023316 0.718919 0.023287 
Venkatesh_S -0.038398 0.073372 0.020129 
Viola_P -0.424170 1.093736 0.153417 
Waibel_A -0.297395 -0.016784 0.047104 
Warmuth_M 1.116019 1.059888 0.047918 
Waterhouse_S -0.806793 0.412637 0.068109 
Watts_L 0.468812 -0.090461 0.042097 
Wawrzynek_J -0.289300 -0.765977 0.096077 
Weigend_A -0.041767 0.142906 0.021581 
Weiss_Y -0.123667 0.894252 0.045242 
Wiles_J 0.546892 0.640731 0.020020 
Williams_C 0.723274 1.522764 0.101227 
Williamson_R 1.435934 0.330203 0.158865 
Wilson_M -0.033651 -0.055551 0.022344 
Winther_O 0.972955 1.732467 0.068650 
Wolpert_D -0.080396 0.740095 0.076746 
Wu_L 0.284820 -0.062101 0.050324 
Xu_L 0.426595 1.240415 0.023096 
Yang_H -0.411838 0.031221 0.141985 
Yuille_A 0.157554 2.176558 0.102461 
Zador_A 0.232523 0.847811 0.067629 
Zemel_R -0.268787 1.082121 0.146696 
Zhao_Y 0.072216 -0.595536 0.023903 
Zimmermann_H -0.435159 0.607081 0.075725 
de-Bonet_J -0.685145 1.252026 0.073942 
de-Sa_V 1.064522 0.502343 0.044792 
vanHemmen_J 0.523185 0.864805 0.049159 
